(0
-21)
(0
-21)
(1
-22)
(2
-25)
(3
-22)
(4
-21)
(5
-22)
(6
-25)
(7
-22)
(8
-21)
(9
-22)
(10
-25)
(11
-22)
(12
-21)
(13
-22)
(14
-25)
(15
-22)
(16
-21)
(17
-22)
(18
-25)
(19
-22)
(20
-21)
(21
-22)
(22
-25)
(23
-22)
(24
-21)
(25
-22)
(26
-25)
(27
-22)
(28
-21)
(29
-22)
(30
-25)
(31
-22)
(32
-21)
(33
-22)
(34
-25)
(35
-22)
(36
-21)
(37
-22)
(38
-25)
(39
-22)
(40
-21)
(41
-22)
(42
-25)
(43
-22)
(44
-21)
(45
-22)
(46
-25)
(47
-22)
(48
-21)
(49
-22)
(50
-25)
(51
-22)
(52
-21)
(53
-22)
(54
-25)
(55
-22)
(56
-21)
(57
-22)
(58
-25)
(59
-22)
(60
-21)
(61
-22)
(62
-25)
(63
-22)
(64
-21)
(65
-22)
(66
-25)
(67
-22)
(68
-21)
(69
-22)
(70
-25)
(71
-22)
(72
-21)
(73
-22)
(74
-25)
(75
-22)
(76
-21)
(77
-22)
(78
-25)
(79
-22)
(80
-21)
(81
-22)
(82
-25)
(83
-22)
(84
-21)
(85
-22)
(86
-25)
(87
-22)
(88
-21)
(89
-22)
(90
-25)
(91
-22)
(92
-21)
(93
-22)
(94
-25)
(95
-22)
(96
-21)
(97
-22)
(98
-25)
(99
-22)
(100
-21)
(101
-22)
(102
-25)
(103
-22)
(104
-21)
(105
-22)
(106
-25)
(107
-22)
(108
-21)
(109
-22)
(110
-25)
(111
-22)
(112
-21)
(113
-22)
(114
-25)
(115
-22)
(116
-21)
(117
-22)
(118
-25)
(119
-22)
(120
-21)
(121
-22)
(122
-25)
(123
-22)
(124
-21)
(125
-22)
(126
-25)
(127
-22)
(128
-21)
(129
-22)
(130
-25)
(131
-22)
(132
-21)
(133
-22)
(134
-25)
(135
-22)
(136
-21)
(137
-22)
(138
-25)
(139
-22)
(140
-21)
(141
-22)
(142
-25)
(143
-22)
(144
-21)
(145
-22)
(146
-25)
(147
-22)
(148
-21)
(149
-22)
(150
-25)
(151
-22)
(152
-21)
(153
-22)
(154
-25)
(155
-22)
(156
-21)
(157
-22)
(158
-25)
(159
-22)
(160
-21)
(161
-22)
(162
-25)
(163
-22)
(164
-21)
(165
-22)
(166
-25)
(167
-22)
(168
-21)
(169
-22)
(170
-25)
(171
-22)
(172
-21)
(173
-22)
(174
-25)
(175
-22)
(176
-21)
(177
-22)
(178
-25)
(179
-22)
(180
-21)
(181
-22)
(182
-25)
(183
-22)
(184
-21)
(185
-22)
(186
-25)
(187
-22)
(188
-21)
(189
-22)
(190
-25)
(191
-22)
(192
-21)
(193
-22)
(194
-25)
(195
-22)
(196
-21)
(197
-22)
(198
-25)
(199
-22)
(200
-21)
(201
-22)
(202
-25)
(203
-22)
(204
-21)
(205
-22)
(206
-25)
(207
-22)
(208
-21)
(209
-22)
(210
-25)
(211
-22)
(212
-21)
(213
-22)
(214
-25)
(215
-22)
(216
-21)
(217
-22)
(218
-25)
(219
-22)
(220
-21)
(221
-22)
(222
-25)
(223
-22)
(224
-21)
(225
-22)
(226
-25)
(227
-22)
(228
-21)
(229
-22)
(230
-25)
(231
-22)
(232
-21)
(233
-22)
(234
-25)
(235
-22)
(236
-21)
(237
-22)
(238
-25)
(239
-22)
(240
-21)
(241
-22)
(242
-25)
(243
-22)
(244
-21)
(245
-22)
(246
-25)
(247
-22)
(248
-21)
(249
-22)
(250
-25)
(251
-22)
(252
-21)
(253
-22)
(254
-25)
(255
-22)
(256
-21)
(257
-22)
(258
-25)
(259
-22)
(260
-21)
(261
-22)
(262
-25)
(263
-22)
(264
-21)
(265
-22)
(266
-25)
(267
-22)
(268
-21)
(269
-22)
(270
-25)
(271
-22)
(272
-21)
(273
-22)
(274
-25)
(275
-22)
(276
-21)
(277
-22)
(278
-25)
(279
-22)
(280
-21)
(281
-22)
(282
-25)
(283
-22)
(284
-21)
(285
-22)
(286
-25)
(287
-22)
(288
-21)
(289
-22)
(290
-25)
(291
-22)
(292
-21)
(293
-22)
(294
-25)
(295
-22)
(296
-21)
(297
-22)
(298
-25)
(299
-22)
(300
-21)
(301
-22)
(302
-25)
(303
-22)
(304
-21)
(305
-22)
(306
-25)
(307
-22)
(308
-21)
(309
-22)
(310
-25)
(311
-22)
(312
-21)
(313
-22)
(314
-25)
(315
-22)
(316
-21)
(317
-22)
(318
-25)
(319
-22)
(320
-21)
(321
-22)
(322
-25)
(323
-22)
(324
-21)
(325
-22)
(326
-25)
(327
-22)
(328
-21)
(329
-22)
(330
-25)
(331
-22)
(332
-21)
(333
-22)
(334
-25)
(335
-22)
(336
-21)
(337
-22)
(338
-25)
(339
-22)
(340
-21)
(341
-22)
(342
-25)
(343
-22)
(344
-21)
(345
-22)
(346
-25)
(347
-22)
(348
-21)
(349
-22)
(350
-25)
(351
-22)
(352
-21)
(353
-22)
(354
-25)
(355
-22)
(356
-21)
(357
-22)
(358
-25)
(359
-22)
(360
-21)
(361
-22)
(362
-25)
(363
-22)
(364
-21)
(365
-22)
(366
-25)
(367
-22)
(368
-21)
(369
-22)
(370
-25)
(371
-22)
(372
-21)
(373
-22)
(374
-25)
(375
-22)
(376
-21)
(377
-22)
(378
-25)
(379
-22)
(380
-21)
(381
-22)
(382
-25)
(383
-22)
(384
-21)
(385
-22)
(386
-25)
(387
-22)
(388
-21)
(389
-22)
(390
-25)
(391
-22)
(392
-21)
(393
-22)
(394
-25)
(395
-22)
(396
-21)
(397
-22)
(398
-25)
(399
-22)
(400
-21)
(401
-22)
(402
-25)
(403
-22)
(404
-21)
(405
-22)
(406
-25)
(407
-22)
(408
-21)
(409
-22)
(410
-25)
(411
-22)
(412
-21)
(413
-22)
(414
-25)
(415
-22)
(416
-21)
(417
-22)
(418
-25)
(419
-22)
(420
-21)
(421
-22)
(422
-25)
(423
-22)
(424
-21)
(425
-22)
(426
-25)
(427
-22)
(428
-21)
(429
-22)
(430
-25)
(431
-22)
(432
-21)
(433
-22)
(434
-25)
(435
-22)
(436
-21)
(437
-22)
(438
-25)
(439
-22)
(440
-21)
(441
-22)
(442
-25)
(443
-22)
(444
-21)
(445
-22)
(446
-25)
(447
-22)
(448
-21)
(449
-22)
(450
-25)
(451
-22)
(452
-21)
(453
-22)
(454
-25)
(455
-22)
(456
-21)
(457
-22)
(458
-25)
(459
-22)
(460
-21)
(461
-22)
(462
-25)
(463
-22)
(464
-21)
(465
-22)
(466
-25)
(467
-22)
(468
-21)
(469
-22)
(470
-25)
(471
-22)
(472
-21)
(473
-22)
(474
-25)
(475
-22)
(476
-21)
(477
-22)
(478
-25)
(479
-22)
(480
-21)
(481
-22)
(482
-25)
(483
-22)
(484
-21)
(485
-22)
(486
-25)
(487
-22)
(488
-21)
(489
-22)
(490
-25)
(491
-22)
(492
-21)
(493
-22)
(494
-25)
(495
-22)
(496
-21)
(497
-22)
(498
-25)
(499
-22)
(500
-21)
(501
-22)
(502
-25)
(503
-22)
(504
-21)
(505
-22)
(506
-25)
(507
-22)
(508
-21)
(509
-22)
(510
-25)
(511
-22)
(512
-21)
(513
-22)
(514
-25)
(515
-22)
(516
-21)
(517
-22)
(518
-25)
(519
-22)
(520
-21)
(521
-22)
(522
-25)
(523
-22)
(524
-21)
(525
-22)
(526
-25)
(527
-22)
(528
-21)
(529
-22)
(530
-25)
(531
-22)
(532
-21)
(533
-22)
(534
-25)
(535
-22)
(536
-21)
(537
-22)
(538
-25)
(539
-22)
(540
-21)
(541
-22)
(542
-25)
(543
-22)
(544
-21)
(545
-22)
(546
-25)
(547
-22)
(548
-21)
(549
-22)
(550
-25)
(551
-22)
(552
-21)
(553
-22)
(554
-25)
(555
-22)
(556
-21)
(557
-22)
(558
-25)
(559
-22)
(560
-21)
(561
-22)
(562
-25)
(563
-22)
(564
-21)
(565
-22)
(566
-25)
(567
-22)
(568
-21)
(569
-22)
(570
-25)
(571
-22)
(572
-21)
(573
-22)
(574
-25)
(575
-22)
(576
-21)
(577
-22)
(578
-25)
(579
-22)
(580
-21)
(581
-22)
(582
-25)
(583
-22)
(584
-21)
(585
-22)
(586
-25)
(587
-22)
(588
-21)
(589
-22)
(590
-25)
(591
-22)
(592
-21)
(593
-22)
(594
-25)
(595
-22)
(596
-21)
(597
-22)
(598
-25)
(599
-22)
(600
-21)
(601
-22)
(602
-25)
(603
-22)
(604
-21)
(605
-22)
(606
-25)
(607
-22)
(608
-21)
(609
-22)
(610
-25)
(611
-22)
(612
-21)
(613
-22)
(614
-25)
(615
-22)
(616
-21)
(617
-22)
(618
-25)
(619
-22)
(620
-21)
(621
-22)
(622
-25)
(623
-22)
(624
-21)
(625
-22)
(626
-25)
(627
-22)
(628
-21)
(629
-22)
(630
-25)
(631
-22)
(632
-21)
(633
-22)
(634
-25)
(635
-22)
(636
-21)
(637
-22)
(638
-25)
(639
-22)
(640
-21)
(641
-22)
(642
-25)
(643
-22)
(644
-21)
(645
-22)
(646
-25)
(647
-22)
(648
-21)
(649
-22)
(650
-25)
(651
-22)
(652
-21)
(653
-22)
(654
-25)
(655
-22)
(656
-21)
(657
-22)
(658
-25)
(659
-22)
(660
-21)
(661
-22)
(662
-25)
(663
-22)
(664
-21)
(665
-22)
(666
-25)
(667
-22)
(668
-21)
(669
-22)
(670
-25)
(671
-22)
(672
-21)
(673
-22)
(674
-25)
(675
-22)
(676
-21)
(677
-22)
(678
-25)
(679
-22)
(680
-21)
(681
-22)
(682
-25)
(683
-22)
(684
-21)
(685
-22)
(686
-25)
(687
-22)
(688
-21)
(689
-22)
(690
-25)
(691
-22)
(692
-21)
(693
-22)
(694
-25)
(695
-22)
(696
-21)
(697
-22)
(698
-25)
(699
-22)
(700
-21)
(701
-22)
(702
-25)
(703
-22)
(704
-21)
(705
-22)
(706
-25)
(707
-22)
(708
-21)
(709
-22)
(710
-25)
(711
-22)
(712
-21)
(713
-22)
(714
-25)
(715
-22)
(716
-21)
(717
-22)
(718
-25)
(719
-22)
(720
-21)
(721
-22)
(722
-25)
(723
-22)
(724
-21)
(725
-22)
(726
-25)
(727
-22)
(728
-21)
(729
-22)
(730
-25)
(731
-22)
(732
-21)
(733
-22)
(734
-25)
(735
-22)
(736
-21)
(737
-22)
(738
-25)
(739
-22)
(740
-21)
(741
-22)
(742
-25)
(743
-22)
(744
-21)
(745
-22)
(746
-25)
(747
-22)
(748
-21)
(749
-22)
(750
-25)
(751
-22)
(752
-21)
(753
-22)
(754
-25)
(755
-22)
(756
-21)
(757
-22)
(758
-25)
(759
-22)
(760
-21)
(761
-22)
(762
-25)
(763
-22)
(764
-21)
(765
-22)
(766
-25)
(767
-22)
(768
-21)
(769
-22)
(770
-25)
(771
-22)
(772
-21)
(773
-22)
(774
-25)
(775
-22)
(776
-21)
(777
-22)
(778
-25)
(779
-22)
(780
-21)
(781
-22)
(782
-25)
(783
-22)
(784
-21)
(785
-22)
(786
-25)
(787
-22)
(788
-21)
(789
-22)
(790
-25)
(791
-22)
(792
-21)
(793
-22)
(794
-25)
(795
-22)
(796
-21)
(797
-22)
(798
-25)
(799
-22)
(800
-21)
(801
-22)
(802
-25)
(803
-22)
(804
-21)
(805
-22)
(806
-25)
(807
-22)
(808
-21)
(809
-22)
(810
-25)
(811
-22)
(812
-21)
(813
-22)
(814
-25)
(815
-22)
(816
-21)
(817
-22)
(818
-25)
(819
-22)
(820
-21)
(821
-22)
(822
-25)
(823
-22)
(824
-21)
(825
-22)
(826
-25)
(827
-22)
(828
-21)
(829
-22)
(830
-25)
(831
-22)
(832
-21)
(833
-22)
(834
-25)
(835
-22)
(836
-21)
(837
-22)
(838
-25)
(839
-22)
(840
-21)
(841
-22)
(842
-25)
(843
-22)
(844
-21)
(845
-22)
(846
-25)
(847
-22)
(848
-21)
(849
-22)
(850
-25)
(851
-22)
(852
-21)
(853
-22)
(854
-25)
(855
-22)
(856
-21)
(857
-22)
(858
-25)
(859
-22)
(860
-21)
(861
-22)
(862
-25)
(863
-22)
(864
-21)
(865
-22)
(866
-25)
(867
-22)
(868
-21)
(869
-22)
(870
-25)
(871
-22)
(872
-21)
(873
-22)
(874
-25)
(875
-22)
(876
-21)
(877
-22)
(878
-25)
(879
-22)
(880
-21)
(881
-22)
(882
-25)
(883
-22)
(884
-21)
(885
-22)
(886
-25)
(887
-22)
(888
-21)
(889
-22)
(890
-25)
(891
-22)
(892
-21)
(893
-22)
(894
-25)
(895
-22)
(896
-21)
(897
-22)
(898
-25)
(899
-22)
(900
-21)
(901
-22)
(902
-25)
(903
-22)
(904
-21)
(905
-22)
(906
-25)
(907
-22)
(908
-21)
(909
-22)
(910
-25)
(911
-22)
(912
-21)
(913
-22)
(914
-25)
(915
-22)
(916
-21)
(917
-22)
(918
-25)
(919
-22)
(920
-21)
(921
-22)
(922
-25)
(923
-22)
(924
-21)
(925
-22)
(926
-25)
(927
-22)
(928
-21)
(929
-22)
(930
-25)
(931
-22)
(932
-21)
(933
-22)
(934
-25)
(935
-22)
(936
-21)
(937
-22)
(938
-25)
(939
-22)
(940
-21)
(941
-22)
(942
-25)
(943
-22)
(944
-21)
(945
-22)
(946
-25)
(947
-22)
(948
-21)
(949
-22)
(950
-25)
(951
-22)
(952
-21)
(953
-22)
(954
-25)
(955
-22)
(956
-21)
(957
-22)
(958
-25)
(959
-22)
(960
-21)
(961
-22)
(962
-25)
(963
-22)
(964
-21)
(965
-22)
(966
-25)
(967
-22)
(968
-21)
(969
-22)
(970
-25)
(971
-22)
(972
-21)
(973
-22)
(974
-25)
(975
-22)
(976
-21)
(977
-22)
(978
-25)
(979
-22)
(980
-21)
(981
-22)
(982
-25)
(983
-22)
(984
-21)
(985
-22)
(986
-25)
(987
-22)
(988
-21)
(989
-22)
(990
-25)
(991
-22)
(992
-21)
(993
-22)
(994
-25)
(995
-22)
(996
-21)
(997
-22)
(998
-25)
(999
-22)

